1.311032
1.226712
1.229641
1.229641
1.217876
1.144223
1.166271
1.184790
1.211941
1.211941
1.211941
1.214913
1.181727
1.178655
1.172482
1.155336
1.148311
1.150572
1.150572
1.181727
1.235471
1.196948
1.199944
1.199944
1.169381
1.098612
1.147402
1.141033
1.141033
1.155922
1.164881
1.071584
1.108563
1.115142
1.134623
1.134623
1.109305
1.109305
1.075002
1.047319
1.081805
1.057790
1.011601
1.031404
1.044320
1.011601
0.940007
0.924259
0.966984
0.966984
0.958952
0.932608
0.891998
0.932164
0.932164
0.951658
0.916291
0.871293
0.871293
0.985817
0.985817
0.951658
1.040277
1.091923
1.095915
1.078769
1.111858
1.105257
1.105257
1.043804
1.047319
1.034234
1.051091
1.075002
1.128171
1.105257
1.075002
1.088562
1.070398
1.070398
1.078410
1.081805
1.108563
1.124930
1.141033
0.886141
0.886141
1.141033
1.118415
1.169381
1.172482
1.172482
1.139959
1.139959
1.147402
1.134623
1.088562
1.098612
1.098612
1.098612
1.086540
1.128171
1.134623
1.134623
1.141033
1.118415
1.202756
1.202756
1.118415
1.095273
1.118415
1.141033
1.163151
1.116059
1.116059
1.163151
1.141033
1.144223
1.134623
1.131402
1.131402
1.131402
1.118415
1.108563
1.108563
1.172482
1.175573
1.168549
1.164541
1.181727
1.184790
1.184790
1.141033
1.134623
1.140605
1.096653
1.175573
1.169381
1.169381
1.131402
1.131402
1.086405
1.064159
1.131402
1.131402
1.115142
1.115142
1.047319
1.047319
1.083651
1.071584
1.071584
1.118415
1.091923
1.108563
1.090399
1.086391
1.137833
1.137833
1.081805
1.078410
1.101940
1.081737
1.081737
1.054312
1.068153
1.068153
1.057790
1.061257
1.043093
1.067785
1.091923
1.095273
1.108563
1.121678
1.091923
0.837031
0.837031
1.091923
1.091923
1.091923
1.061257
1.068153
1.052024
1.107458
1.071584
1.091923
1.101940
1.085189
1.078410
1.073397
1.062336
1.111858
1.134623
1.134623
1.137833
1.118415
1.104316
1.133875
1.095273
1.095273
1.071584
1.081805
1.085189
1.060897
1.107780
1.054312
1.029619
1.029619
1.015231
1.015231
1.015231
0.903181
1.029619
1.033184
1.033184
1.061257
1.085189
1.075139
0.897208
1.105257
1.085189
1.078410
1.068153
1.064711
1.037340
1.019176
1.098612
1.098612
1.078410
1.088562
1.075002
1.054800
1.054800
1.081805
1.081805
1.081805
1.071584
1.057790
1.049758
1.037686
1.057790
1.057790
1.091923
1.071584
1.057790
1.072679
1.072679
1.057790
1.057790
1.105257
1.108563
1.098612
1.088562
1.068359
1.134623
1.156881
1.141033
1.134623
1.075002
1.095785
1.098780
1.085189
1.085189
1.091923
1.085189
1.078410
1.056164
1.056164
1.078410
1.004302
1.029619
1.029619
1.075002
1.106501
1.102493
1.054312
1.061257
1.061257
1.081805
1.095273
1.095273
1.121915
1.054312
1.057790
1.033184
1.040277
1.029619
1.018558
1.007498
1.081805
1.081805
1.091923
1.068153
1.022451
0.991992
0.977893
1.078410
1.043804
0.985817
0.985817
1.011601
1.046968
1.076527
1.101940
1.121678
1.150572
1.156881
1.153732
1.217645
1.213637
1.141033
1.118415
1.150572
1.128171
1.111858
1.113856
1.106831
1.111858
1.115142
1.115142
1.115142
1.115142
1.115142
1.076401
1.057790
1.057790
1.118415
1.118415
1.043804
1.043804
1.063607
1.068153
1.050822
1.050822
1.033184
1.022451
1.032401
1.039377
1.033184
1.054312
1.054312
0.989541
0.955511
0.962487
0.972437
0.996949
1.011601
1.000632
0.970779
0.966984
0.924076
0.924076
0.902853
0.985817
1.015231
1.088562
1.305626
1.318543
1.348101
1.339061
1.830980
1.830980
1.536867
1.060443
1.024816
1.099923
1.061257
1.075002
1.150572
1.150572
1.401183
1.313444
1.313444
1.293241
1.697449
1.366092
1.366092
1.163151
1.176067
1.176067
1.141033
1.208960
1.264127
1.264127
1.275363
1.275363
1.236622
1.280934
1.280934
1.205971
1.118415
1.068153
1.008403
1.008403
1.047319
1.011601
1.007958
1.007958
0.978326
0.978326
1.014658
0.955511
0.947789
0.928219
0.912283
0.912283
0.908275
0.888072
0.884064
0.959350
0.974560
0.974560
0.947789
0.926566
0.947348
0.955511
0.951658
0.978326
0.982078
0.982078
0.971018
0.963993
0.993252
0.993252
1.029619
1.029619
0.996949
1.011837
1.011837
1.022451
1.015231
0.989541
0.993252
0.963174
1.014818
1.024768
0.963174
0.996949
1.007958
0.963174
0.947789
0.935717
0.927685
0.966984
0.955511
0.970779
1.033184
1.000661
1.042762
1.042762
1.011601
1.011601
1.033184
1.033184
1.033184
1.037177
1.044152
1.022451
1.022451
1.007958
1.015231
1.036737
1.036737
1.074996
1.057790
1.043804
1.047319
1.029619
1.022451
1.040291
1.047266
1.022451
1.026042
1.033184
1.033184
1.036737
1.013468
1.050764
1.011601
1.011601
1.018847
1.011601
1.011601
0.977009
0.965949
1.007958
1.018847
1.011601
1.022451
1.011601
1.043100
1.057988
1.043804
1.040277
1.047319
1.011601
1.011601
1.014596
0.999483
1.018847
1.015231
1.061257
1.057790
1.057790
1.102764
1.138131
1.110760
1.043804
1.040277
1.078410
1.068153
1.008403
1.018353
1.061257
1.061257
1.061257
1.105257
1.068153
1.064145
0.981850
1.098612
1.091923
1.091923
1.095273
1.105257
1.124079
1.124079
1.095273
1.081805
1.085189
1.124930
1.081805
1.073773
1.073773
1.085189
1.091923
1.101940
1.095273
1.085189
1.100078
1.096070
1.064711
1.064711
1.060703
1.068153
1.068153
1.081069
1.081069
1.064711
1.064711
1.061257
1.061257
1.050822
1.065710
1.065710
1.015231
1.033184
1.029619
1.011601
1.026042
1.026042
1.022034
1.026042
1.004302
1.036737
1.036737
1.022451
0.945570
0.914079
1.011601
1.036737
1.029619
1.018847
1.050822
1.046814
1.014290
1.047319
1.081805
1.095273
1.105257
1.085189
1.100078
1.100078
1.071584
1.105257
1.105257
1.105257
1.101940
1.094915
1.103875
1.111858
1.101940
1.105257
1.101940
1.095273
1.115076
1.108051
1.091923
1.091923
1.085189
1.085189
1.091923
1.094919
1.069601
1.076577
1.085189
1.098612
1.075002
1.057790
1.068730
1.051584
1.064711
1.078410
1.091923
1.078410
1.068153
1.080082
1.080082
1.081805
1.098612
1.134623
1.121678
1.105257
1.105257
1.085054
1.111858
1.137833
1.131402
1.115142
1.101940
1.101940
1.059033
1.141033
1.144223
1.181727
1.220830
1.178655
1.223628
1.205464
1.187843
1.223775
1.238374
1.150572
1.160021
0.980894
0.899684
1.181727
1.184790
1.193922
1.187843
1.163151
1.183933
1.189915
1.163151
1.187843
1.229641
1.229641
1.184790
1.159472
1.159472
1.163151
1.184790
1.196948
1.211941
1.181727
1.297731
1.300726
1.261298
1.261298
1.264127
1.264127
1.319086
1.312061
1.305036
1.376244
1.410987
1.410987
1.545433
1.458615
1.435346
1.355220
1.536867
1.536867
1.547563
1.527360
1.510214
1.517189
1.500043
1.453953
1.453953
1.504077
1.504077
1.528228
1.557787
1.514879
1.481605
1.481605
1.545433
1.490654
1.506297
1.463390
1.407877
1.512927
1.510722
1.510722
1.460938
1.383791
1.434484
1.398857
1.335001
1.335001
1.291984
1.308333
1.308333
1.308333
1.308333
1.313320
1.313320
1.229641
1.131402
1.178655
1.171630
1.164606
1.160598
1.160598
1.178655
1.000632
1.029619
1.065951
1.086734
1.007958
1.061257
1.071584
1.081805
1.081805
1.085797
1.162758
1.211941
1.264127
1.275363
1.275363
1.232560
1.215414
1.155664
1.141565
1.232560
1.141033
1.141033
1.121678
1.082937
1.079932
1.115142
1.078410
1.098612
1.036737
0.993252
0.993252
0.996247
0.943906
0.932164
0.947789
0.963174
0.978326
1.029969
1.010787
1.015231
0.996949
0.959350
0.959350
0.951658
0.878011
0.915307
0.904246
0.989541
0.989541
1.004302
1.007958
1.041393
1.041393
1.043804
1.007958
1.061257
1.061257
1.160021
1.148960
1.138910
1.446919
1.156881
1.156881
1.064711
1.064711
1.064711
1.064711
1.050822
1.040277
1.054312
1.081805
1.081805
1.120064
1.112032
1.064711
1.071584
1.050822
1.050822
1.011601
1.021551
1.150824
1.000632
1.007958
0.989541
0.989541
1.004302
1.004302
1.000294
1.004302
1.015231
1.007958
0.978326
0.963174
0.982977
0.982977
1.000632
0.996949
1.000632
1.000632
1.011601
0.985257
0.985257
1.011601
0.978326
0.936093
0.932164
0.942114
0.934082
1.010117
0.959350
0.928219
0.928219
0.932164
0.947789
0.927587
0.974470
0.947789
0.951658
0.951658
0.966984
0.951658
0.946645
0.946645
0.932164
0.932164
0.970779
0.963174
0.970779
0.962747
0.962747
0.996949
0.993252
0.989541
0.963174
0.959350
0.951318
1.027353
0.993252
1.004302
1.004302
0.940007
0.955511
0.937347
0.970782
0.983698
0.974560
0.989541
0.989541
0.951658
0.963586
0.975515
0.916291
0.896088
0.896088
0.875469
0.887891
0.912584
0.904552
0.883768
0.879627
0.887891
0.887891
0.862890
0.865885
0.878802
0.900161
0.891998
0.887891
0.867100
0.819780
0.881815
0.888791
0.837248
0.837248
0.850151
0.841567
0.883768
0.857424
0.860419
0.845868
0.832909
0.828552
0.831547
0.806230
0.806230
0.813205
0.871293
0.879627
0.912283
0.932164
0.932164
0.943104
0.943104
0.928219
0.928219
0.891998
0.867100
0.832909
0.847798
0.847798
0.845868
0.850151
0.845868
0.815365
0.802002
0.808977
0.818928
0.802002
0.797507
0.824175
0.858662
0.751416
0.789675
0.781643
0.703098
0.765468
0.779325
0.756122
0.737164
0.714918
0.700820
0.792993
0.806476
0.797507
0.783902
0.788457
0.784449
0.751926
0.815365
0.854415
0.837248
0.824175
0.765468
0.786250
0.758879
0.802002
0.806476
0.806476
0.858662
0.845868
0.848864
0.863752
0.863752
0.871293
0.908259
0.912283
0.912283
0.995704
1.072665
0.974560
0.982078
0.966984
0.963174
0.959350
0.966326
1.028361
1.011601
0.993252
1.000632
0.974560
0.850151
0.842119
0.842119
0.936093
0.936093
0.932164
0.943906
0.879627
0.900409
0.903405
0.862890
0.858662
0.858662
0.837248
0.810930
0.790728
0.815420
0.858662
0.828552
0.815365
0.815365
0.756122
0.756122
0.792454
0.756122
0.828552
0.891998
0.828552
0.732368
0.724336
0.681428
0.756122
0.792993
0.850151
0.845868
0.815365
0.888615
0.868413
0.912283
0.959350
0.996949
1.004302
0.932164
0.945080
0.923857
1.018847
1.018847
1.036737
1.043804
1.054312
1.021789
1.097824
0.842931
1.000632
0.978326
0.985817
0.993252
0.993252
0.933502
0.970779
0.928219
0.940007
0.928219
0.963174
0.963174
0.942972
0.920283
0.920283
0.900161
0.946090
0.900161
0.888089
0.891084
0.828552
0.883768
0.887891
0.883768
0.837248
0.837248
0.894573
0.774727
0.779325
0.824175
0.824175
0.824175
0.800907
0.757999
0.850151
0.832909
0.815365
0.792993
0.819780
0.855147
0.884706
0.774727
0.746688
0.707947
0.737164
0.559616
0.609358
0.604345
0.722706
0.737164
0.286178
0.717840
0.722706
0.705560
0.656370
0.741937
0.774727
0.737164
0.717840
0.717840
0.691496
0.653794
0.708036
0.765468
0.698135
0.722706
0.727549
0.736508
0.726458
0.788493
0.683097
0.636577
0.667829
0.647103
0.637053
0.623968
0.708036
0.672944
0.657520
0.662688
0.647103
0.712891
0.737584
0.641854
0.636577
0.636577
0.620576
0.657520
0.657520
0.737255
0.615186
0.615186
0.647103
0.667829
0.657520
0.627061
0.628060
0.720639
0.712950
0.698135
0.683097
0.672944
0.340265
0.340265
0.662688
0.657520
0.672944
0.576613
0.582216
0.515007
0.582216
0.559616
0.576613
0.604316
0.636577
0.565314
0.596812
0.565314
0.553885
0.647103
0.672944
0.598837
0.662688
0.656670
0.662688
0.636577
0.636577
0.548121
0.518794
0.565314
0.509801
0.565314
0.530628
0.548121
0.587787
0.548121
0.530628
0.504284
0.530628
0.500775
0.536493
0.524729
0.438255
0.405465
0.379121
0.352777
0.494696
0.604316
0.620576
0.553885
0.494135
0.426926
0.515853
0.620576
0.565314
0.518794
0.463734
0.536493
0.510149
0.482778
0.576613
0.652325
0.641854
0.620576
0.593327
0.657240
0.737898
0.518794
0.587787
0.548121
0.488580
0.524729
0.604463
0.667438
0.576613
0.657520
0.641854
0.609766
0.553885
0.527541
0.452818
0.530628
0.476234
0.444686
0.470004
0.506818
0.542185
0.515841
0.570980
0.615186
0.604316
0.559616
0.530628
0.489806
0.555594
0.500081
0.582216
0.576613
0.582216
0.530628
0.511445
0.537113
0.463734
0.457425
0.609766
0.518794
0.587787
0.667522
0.649358
0.518794
0.518794
0.542324
0.570980
0.512824
0.482364
0.476346
0.494696
0.357674
0.438255
0.412110
0.398776
0.398776
0.453264
0.494696
0.476234
0.494696
0.425268
0.350657
0.350657
0.304613
0.512824
0.565314
0.524729
0.498385
0.484286
0.579596
0.560413
0.536493
0.565314
0.576613
0.631272
0.582216
0.691070
0.706943
0.559616
0.553885
0.565314
0.582216
0.582216
0.551756
0.545738
0.536493
0.506818
0.524729
0.559616
0.570980
0.621673
0.595329
0.615186
0.604316
0.570980
0.593327
0.604316
0.571793
0.622486
0.667829
0.727549
0.802002
0.815365
0.765468
0.732945
0.703516
0.779325
0.783902
0.717840
0.783902
0.802002
0.769478
0.811580
0.841567
0.896088
0.887891
0.854415
0.871293
0.871293
0.811543
0.943906
0.932164
0.924259
0.924259
0.900161
0.903157
0.877839
0.832909
0.797507
0.765468
0.841567
0.587787
0.587787
0.621221
0.533483
0.854415
0.792993
0.756122
0.657520
0.785033
0.828093
0.779325
0.783902
0.722706
0.500775
0.444686
0.439673
0.543132
0.285179
0.398776
0.553885
0.657520
0.641854
0.677221
0.677221
0.604316
0.553885
0.506818
0.470004
0.343590
0.387607
0.450581
0.652325
0.620576
0.698135
0.398776
0.810930
0.795817
0.869996
0.837248
0.760806
0.703098
0.802002
0.770108
0.792848
0.819490
0.832909
0.943906
1.081805
1.095273
1.068153
1.072145
1.084074
1.144223
1.121678
1.144223
1.118415
1.108563
1.108563
1.098512
1.108563
1.057790
0.966984
0.989541
0.982078
0.982078
1.001881
0.966984
1.007958
1.011601
1.033184
1.036737
1.014491
1.045990
0.963174
0.936093
0.862890
0.783902
0.797507
0.747266
0.723997
0.802002
0.904218
0.904218
0.917134
0.895911
0.916693
0.953025
1.061257
1.061257
1.011601
0.900161
0.908259
0.911254
0.911254
0.871293
0.858662
0.896088
0.896088
0.932164
0.939140
0.928079
0.989541
0.966984
1.004302
0.993252
1.004302
1.004302
0.959304
0.985817
1.015231
1.015231
0.985817
0.985817
0.920745
0.920745
0.871293
0.875469
0.858662
0.882378
0.902181
0.956669
0.947628
0.955511
1.018847
1.015231
1.033184
1.018847
1.021843
1.036731
0.996949
1.061257
1.036737
1.036737
1.050822
1.038749
1.038749
1.002085
0.974560
0.943906
0.912283
0.896088
0.923703
0.887039
0.966984
1.004302
1.018847
1.015231
0.985817
1.087470
1.087470
1.057790
1.175573
1.101940
1.095273
1.249902
1.239851
1.229801
1.223775
1.208960
1.324419
1.871802
1.811562
1.915922
1.828183
1.888337
2.426571
3.172203
2.147100
1.601406
1.585276
1.577244
1.150572
1.078410
1.029619
1.000632
0.978326
0.978326
0.978326
0.993252
1.054312
1.050822
1.026042
1.000632
0.957724
0.957724
0.982078
0.963174
0.963174
0.993252
0.974560
0.974560
0.977555
0.947789
0.916291
0.955511
0.896088
0.928219
0.935195
0.900603
0.936093
0.940007
0.940007
0.924259
0.924259
0.859187
0.859187
0.947789
0.936093
0.924259
0.924259
0.910160
0.913155
0.894992
0.887891
0.891998
0.887891
0.904218
0.908259
0.904251
0.904251
0.916291
0.943906
0.974560
0.963174
0.966984
0.950854
0.997738
1.011601
1.015231
1.000632
1.018847
1.026042
1.098362
1.098362
1.004302
1.068153
1.091923
1.068153
1.050822
1.097705
1.104681
1.085189
1.098612
1.095273
1.064711
1.064711
1.033220
1.036216
1.075002
1.068153
1.068153
1.081805
1.081805
1.081805
1.084801
1.095273
1.085189
1.057790
1.050822
1.043804
1.001940
0.928293
1.022451
1.054312
1.068153
1.047319
1.068153
1.046929
1.093813
1.061290
1.105257
1.128171
1.101940
1.101940
1.064238
1.064238
1.091923
1.134623
1.141033
1.141033
1.172482
1.175478
1.191351
1.211941
1.196948
1.178655
1.175573
1.172482
1.192285
1.194283
1.147402
1.166271
1.211941
1.193922
1.223775
1.223775
1.185035
1.286474
1.321756
1.332366
1.324419
1.300192
1.303187
1.309169
1.312165
1.302913
1.297463
1.269761
1.311032
1.304007
1.256916
1.308333
1.329724
1.335001
1.302913
1.308333
1.337892
1.356713
1.321756
1.340250
1.371181
1.391282
1.413423
1.325684
1.338600
1.408545
1.423108
1.410987
1.393766
1.371181
1.338658
1.357479
1.391282
1.401183
1.435085
1.451614
1.437463
1.540921
1.583981
1.444563
1.415853
1.403643
1.410987
1.373716
1.420599
1.420599
1.368639
1.366092
1.350667
1.342865
1.371181
1.389021
1.389021
1.368639
1.373716
1.393766
1.403643
1.470176
1.500705
1.560859
1.446919
1.465568
1.492904
1.536867
1.562346
1.602528
1.464415
1.374490
1.549688
1.539015
1.603420
1.635106
1.617960
1.670552
1.650580
1.684545
1.733424
1.708378
1.671473
1.665455
1.665455
1.658228
1.601406
1.593309
1.597365
1.629241
1.648062
1.666884
1.710188
1.781709
1.745716
1.719189
1.724551
1.718533
1.718533
1.757858
1.851599
1.791759
1.742219
1.697449
1.768839
1.771834
1.697449
1.675226
1.715598
1.778336
1.693779
1.643538
1.698973
1.611436
1.570697
1.583094
1.597365
1.629241
1.701561
1.720383
1.743969
1.720979
1.776646
1.736951
1.702928
1.796419
1.796419
1.652497
1.673351
1.720979
1.745716
1.706565
1.768600
1.714144
1.710188
1.625311
1.517323
1.570697
1.603420
1.635887
1.660580
1.562346
1.631199
1.572774
1.599388
1.589235
1.575136
1.623926
1.574846
1.599388
1.595339
1.552431
1.509524
1.454011
1.372801
1.589235
1.508512
1.460938
1.406097
1.332366
1.312163
1.279640
1.297463
1.280934
1.332366
1.300192
1.294727
1.333948
1.342908
1.398717
1.311032
1.332366
1.300192
1.311032
1.311032
1.311032
1.363537
1.376244
1.373716
1.269761
1.241361
1.261164
1.274080
1.238374
1.199965
1.223775
1.340250
1.340250
1.334232
1.305833
1.319086
1.316408
1.329724
1.371181
1.342865
1.328766
1.328766
1.425515
1.425515
1.530395
1.564441
1.474763
1.501405
1.544464
1.569157
1.515127
1.587192
1.492904
1.413423
1.453605
1.415903
1.435085
1.444563
1.488400
1.488400
1.738710
1.648786
1.463660
1.715598
1.695616
1.902108
1.764731
1.675226
1.705755
1.683509
1.490654
1.458615
1.418277
1.393766
1.396245
1.421912
1.392484
1.398717
1.460938
1.479329
1.519513
1.528228
1.495705
1.440192
1.588612
1.499623
1.523880
1.564441
1.532557
1.562116
1.591674
1.495149
1.472472
1.536867
1.532557
1.556037
1.596219
1.558517
1.595339
1.528228
1.515127
1.536867
1.566530
1.523623
1.571460
1.523880
1.495149
1.543298
1.568616
1.583094
1.603876
1.627593
1.562346
1.609438
1.660131
1.646734
1.706565
1.677136
1.625843
1.708378
1.671473
1.671473
1.697449
1.691939
1.606381
1.668417
1.743969
1.783391
1.838961
1.800058
1.853168
1.712756
1.687438
1.848455
1.885553
1.899118
1.937302
2.026228
2.024226
2.011141
2.012233
2.006871
1.962908
1.928619
1.885553
1.899456
1.913359
1.859418
1.930071
1.932970
1.941615
1.922788
1.993246
2.001214
1.987874
2.059239
2.116256
2.130610
2.122262
2.290315
2.200390
2.086914
1.913977
2.018895
1.981001
2.047693
1.961045
1.982807
2.088153
2.111425
2.143589
2.105353
2.075684
1.974759
1.801595
2.099244
2.182675
2.244956
2.218116
2.116256
2.178291
2.240326
2.271825
2.135349
2.136531
2.186051
2.121063
2.088540
2.077479
2.206074
2.227862
2.243896
2.099244
2.172476
2.203975
2.181729
2.197225
2.038620
2.043814
2.064328
1.997418
1.972100
1.960027
1.947955
1.887070
1.911023
1.877937
1.757858
1.656932
1.745858
1.806648
1.896119
1.900614
1.877937
1.749200
1.749200
1.773892
1.814074
1.743969
1.731656
1.763017
1.856298
1.856298
1.806057
1.919859
1.918392
1.899118
1.931521
1.887070
1.968650
1.867724
2.034706
1.994700
2.025513
2.078191
2.110213
2.066261
2.122642
2.142416
2.247072
2.157559
2.169054
2.119863
2.181899
2.184894
2.104134
2.080691
2.055405
2.128232
2.116256
1.975843
2.012175
2.048982
2.063058
2.061787
2.143589
2.166765
2.189505
2.212244
2.154085
2.227862
2.252344
2.242835
2.212660
2.284981
2.333771
2.287471
2.277267
2.226783
2.248129
2.249184
2.230001
2.217929
2.223542
2.208274
2.189416
2.238580
2.217027
2.072001
2.037410
2.069877
2.142416
2.094330
2.112635
2.117460
2.166250
2.180153
2.104134
2.138889
2.163323
2.151762
2.093098
2.053317
1.998861
2.074429
2.080691
2.078191
2.048982
1.909543
1.922459
1.993849
1.909543
1.921325
1.885553
1.882514
1.856298
1.864266
1.855225
1.729884
1.686399
1.764731
1.932970
1.832581
1.916003
1.918999
1.878177
1.824549
1.887070
1.832581
1.808289
1.707363
1.671736
1.805005
1.818077
1.728109
1.629241
1.492904
1.438448
1.438448
1.570697
1.642873
1.663926
1.667707
1.613430
1.428304
1.479948
1.613430
1.519513
1.521699
1.536867
1.386294
1.448330
1.510365
1.530395
1.386294
1.241269
1.568616
1.568616
1.569615
1.569615
1.830980
1.774952
1.771557
1.824549
1.808289
1.829071
1.739147
1.829376
1.835776
1.882514
1.956693
1.882514
1.935106
1.957846
1.791759
1.796747
1.945910
1.845300
1.593309
1.682235
1.786595
1.423108
1.521699
1.501853
1.566530
1.605430
1.677751
1.750071
1.906575
1.974081
1.877937
1.916923
1.891605
1.877506
1.949827
1.805005
1.663926
1.813195
1.960095
1.967112
1.584387
1.512891
1.506873
1.585145
1.401183
1.329724
1.258461
1.235192
1.243161
1.212701
1.291984
1.321756
1.329724
1.232560
1.263089
1.266085
1.294727
1.199965
1.226712
1.244155
1.232560
1.181267
1.181267
1.110845
1.232560
1.163151
1.068153
1.147402
1.087652
1.171994
1.232560
1.208960
1.128171
1.000632
1.040277
1.046259
1.046259
1.036737
0.974560
0.974560
0.982078
0.875469
0.882444
0.885440
0.774727
0.854415
0.875469
0.875469
0.862890
0.850817
0.842785
0.883768
0.883768
0.896088
0.908259
0.824175
0.849843
0.742258
0.742258
0.751416
0.727549
0.774727
0.858662
0.875519
0.864458
0.936093
0.916291
0.951658
0.982078
0.978326
0.978326
0.902524
0.900161
0.924259
0.916291
0.916291
0.875469
0.853223
0.818632
0.875469
0.974560
0.896088
0.896088
0.883768
0.883768
1.040771
0.802002
0.657520
0.708036
0.732368
0.712950
0.712950
0.712950
0.712950
0.703098
0.662688
0.667829
0.741937
0.754854
0.806497
0.737164
0.756122
0.774727
0.779325
0.841360
0.952007
0.952007
0.765468
0.783902
0.797507
0.712950
0.625938
0.638855
0.805216
0.792993
0.802002
0.788457
0.783902
0.788457
0.801374
0.867161
0.783902
0.792993
0.783902
0.774727
0.819780
0.882755
0.934398
0.806476
0.751416
0.698135
0.672944
0.615186
0.610173
0.522434
0.751416
0.797507
0.751416
0.727549
0.683097
0.697000
0.673731
0.810930
0.824175
0.810930
0.832909
0.862890
0.871850
0.875842
0.832909
0.797507
0.810930
0.802002
0.631272
0.631272
0.626259
0.613174
0.746688
0.741937
0.570980
0.553885
0.497315
0.474046
0.652325
0.667829
0.756122
0.741937
0.615186
0.665879
0.609308
0.641854
0.693147
0.717840
0.779325
0.756122
0.760114
0.793549
0.793549
0.867100
0.806476
0.819780
0.797507
0.800503
0.821285
0.963174
0.985817
0.996949
0.875469
0.908259
